type=0
gamma1=0.000000
gamma3=0.000000
sgn1=1
sgn3=1
s1=1.069567
s2=66.197968
s3=0.501229
H=0.004126
100.000000 200.000000 0.000000
153.461460 231.668467 1.069567
2092.501460 3770.708487 1.069567
2100.000000 3800.000000 1.570796
